44
17
88
35
17
69
73
33
69
93
17
44
69
17
37
16
34
87
73
87
44
67
63
69
63
""
23
44
69
74
40
69
38
40
38
69
42
69
63
66
87
66
69
78
69
4
63
87
63
66
86
69
66
69
66
69
66
34
63
67
69
63
69
93
69
34
63
83
63
44
37
""
71
23
44
34
83
63
44
49
79
44
31
63
31
63
69
63
69
57
69
57
69
63
69
42
69
88
54
88
54
69
55
88
54
88
54
88
54
57
55
88
55
57
67
69
67
68
54
67
57
54
57
54
57
68
86
59
93
86
69
5
93
69
86
59
31
5
7
34
92
33
86
63
86
71
5
63
33
63
9
86
69
75
69
74
69
17
63
17
49
63
38
""
83
63
""
17
""
63
26
73
31
63
9
""
56
49
44
68
63
9
33
9
69
""
75
74
44
25
""
9
""
44
34
6
74
38
74
44
63
74
34
""
63
73
74
73
44
73
""
73
26
17
73
44
73
69
59
63
73
74
17
63
17
26
73
74
17
69
63
17
63
17
74
17
74
69
92
34
57
31
44
31
55
56
44
75
44
92
13
92
63
26
93
11
17
41
69
17
6
69
49
37
49
63
31
41
69
41
69
94
75
94
26
69
94
17
69
41
94
75
94
92
75
94
75
93
75
94
75
94
63
33
63
75
41
63
9
63
31
63
86
26
11
9
49
9
63
69
49
75
94
75
93
94
75
94
75
78
63
94
78
75
94
78
93
17
9
17
69
17
63
9
17
9
93
17
69
38
26
49
17
82
31
41
63
31
82
31
82
31
81
31
93
31
75
31
75
31
75
31
49
63
49
25
49
75
49
25
49
25
34
73
34
41
26
41
25
41
9
63
38
26
38
26
11
93
11
49
63
30
11
4
84
83
13
6
5
33
5
84
5
13
6
4
84
30
75
4
5
13
83
84
5
4
13
84
13
83
13
6
84
13
4
6
30
5
34
73
34
6
33
24
33
75
79
33
30
77
6
4
81
30
71
30
5
6
83
4
24
63
66
63
49
66
null
