44
17
88
88
88
35
17
69
73
33
69
93
17
17
17
44
44
69
17
17
17
17
17
37
16
16
34
87
87
87
87
87
87
87
87
87
87
73
87
44
67
63
63
63
63
63
69
69
69
69
69
69
69
63
63
63
63
63
""
23
44
69
69
69
69
69
69
69
69
69
69
69
69
69
69
69
74
40
40
40
69
69
69
69
69
69
69
69
69
69
69
69
69
69
69
69
69
69
69
69
69
69
69
69
69
69
69
38
40
38
38
38
38
38
38
38
38
38
38
38
38
38
38
38
38
38
38
38
38
38
38
38
38
38
38
38
38
38
38
38
69
42
69
69
63
63
63
63
63
66
87
66
66
66
66
66
66
66
66
66
66
66
66
69
78
69
4
63
63
63
87
87
87
63
63
63
63
66
66
66
66
66
66
66
66
66
86
86
86
69
69
69
69
69
69
69
69
69
69
69
69
69
66
66
66
69
69
69
69
69
69
69
69
66
66
66
66
66
66
66
66
66
66
66
66
66
66
66
66
66
66
66
66
66
69
69
69
69
69
66
66
66
66
66
66
66
66
66
66
66
66
66
66
66
34
63
67
69
69
69
69
63
69
69
69
69
69
69
69
69
93
69
34
63
83
63
44
37
""
71
23
23
23
44
34
83
63
44
44
44
49
79
44
44
44
44
44
44
44
44
44
44
44
31
31
63
31
63
63
63
63
63
63
69
69
69
69
69
69
69
69
63
69
69
69
69
69
57
57
69
57
57
57
69
69
69
69
69
69
69
69
69
69
69
69
63
69
69
69
69
69
69
69
69
42
69
88
88
88
88
54
88
88
54
54
54
54
54
54
54
54
54
54
54
54
54
54
69
69
69
69
69
69
69
69
69
69
69
69
69
69
69
69
69
69
69
69
69
69
69
69
69
69
69
69
69
55
88
54
54
54
54
54
54
54
88
54
54
54
54
54
54
88
88
54
54
54
57
57
55
88
55
57
67
67
67
67
67
67
67
67
67
67
67
67
67
67
67
67
67
67
67
67
67
67
67
67
67
67
67
67
67
67
67
67
67
67
67
69
67
67
67
67
67
67
67
67
67
67
67
67
67
67
67
67
67
67
67
67
67
67
67
67
67
67
67
67
67
67
67
67
67
67
67
67
67
67
67
67
67
67
67
67
67
67
67
67
67
67
67
67
67
67
67
67
67
67
67
67
67
67
67
67
67
67
67
67
67
67
67
68
54
67
67
67
67
67
67
67
67
67
67
67
67
57
57
57
57
57
57
57
57
57
57
57
57
57
57
57
57
57
54
57
57
57
57
57
54
57
57
57
68
68
68
68
68
68
68
86
86
86
86
86
86
59
93
86
69
69
69
69
69
5
93
69
69
69
86
86
86
86
86
86
86
86
86
86
86
86
86
86
86
86
86
86
86
86
86
86
86
86
86
86
86
86
86
86
86
86
86
86
86
59
31
5
5
7
34
92
33
33
86
63
86
86
86
86
86
86
86
86
86
86
86
86
71
71
5
63
63
63
33
63
63
9
86
86
86
86
86
86
86
69
69
69
69
69
75
69
69
69
69
69
69
69
69
69
69
69
74
74
74
74
74
74
74
69
17
17
17
17
17
63
17
49
49
63
38
""
83
63
63
""
""
17
""
63
26
26
26
26
26
26
73
31
31
31
31
31
31
63
9
""
""
""
""
""
""
""
""
""
""
""
""
""
""
""
56
49
44
68
63
9
9
9
9
9
9
33
9
69
""
""
""
75
74
74
74
74
44
25
""
""
""
""
""
9
""
44
44
34
34
34
34
6
74
74
74
74
74
74
74
74
74
38
74
74
74
74
44
63
74
74
74
74
74
74
34
""
""
63
73
73
73
73
73
73
73
74
73
73
73
73
73
44
73
""
""
""
""
""
""
""
73
26
17
73
73
73
73
73
73
73
73
73
44
73
73
73
73
73
73
73
73
73
73
73
73
73
73
73
73
73
73
73
73
73
73
73
73
73
73
73
73
73
73
73
73
69
59
63
63
73
73
73
74
17
17
17
17
17
63
17
26
73
73
73
73
73
74
74
74
74
17
17
69
63
17
17
17
63
17
74
74
74
74
74
74
74
17
17
17
17
17
17
74
74
74
74
74
69
92
34
57
31
31
31
31
31
31
31
31
31
31
31
31
31
31
31
31
31
31
31
31
44
44
31
31
55
56
44
44
75
44
44
44
44
44
44
44
44
44
44
44
92
13
92
63
26
93
11
17
17
41
69
69
69
69
69
69
69
17
6
69
49
49
49
37
37
37
37
49
63
63
63
31
41
69
41
41
41
41
41
41
41
69
94
94
94
75
94
26
69
69
69
94
17
69
69
41
41
41
41
41
41
41
41
94
94
75
75
94
92
75
94
75
93
75
75
75
75
75
75
94
75
75
75
75
75
94
94
63
33
63
63
63
63
63
75
75
41
41
41
41
41
41
41
41
41
41
41
41
41
63
9
63
63
63
63
31
31
31
31
31
31
63
86
26
11
9
9
9
9
49
9
9
9
9
9
63
69
49
75
75
75
75
75
94
75
75
93
94
75
75
75
75
75
94
75
75
75
75
75
75
75
78
78
78
78
63
94
94
78
75
94
94
94
94
94
94
94
94
94
78
93
93
93
93
93
93
93
93
93
93
93
93
93
17
9
17
17
17
69
69
69
17
17
17
17
17
17
17
17
17
63
9
17
9
9
93
93
93
93
93
93
17
69
69
69
38
26
49
49
17
82
82
82
82
82
82
31
31
31
31
31
31
31
31
31
31
31
31
31
31
31
31
31
31
41
63
31
82
82
82
31
31
31
31
31
31
31
31
31
31
31
31
31
31
31
31
31
31
31
31
31
31
31
31
31
31
31
31
82
82
82
31
31
31
81
81
31
31
31
31
31
31
31
31
31
31
31
31
31
31
31
31
31
31
31
31
31
31
31
31
31
31
31
31
31
31
31
31
31
31
93
31
31
31
31
31
31
31
31
31
31
31
31
31
31
31
31
31
31
31
31
31
31
31
31
31
31
31
31
31
31
31
31
31
31
31
31
31
75
75
75
75
75
75
75
75
75
75
31
31
31
31
31
31
31
31
31
31
31
31
31
31
31
31
31
31
31
31
31
31
31
31
31
31
31
31
75
75
75
75
75
75
75
75
75
75
75
75
75
75
75
75
75
75
75
75
75
75
75
75
75
75
75
75
75
75
75
75
75
75
75
75
75
75
75
75
75
75
75
75
75
75
75
75
75
75
75
75
75
75
75
75
75
75
75
75
75
75
75
75
75
75
75
75
75
31
31
75
75
75
75
31
31
31
31
31
31
31
31
31
31
31
31
31
31
31
31
31
31
31
31
31
31
31
31
31
31
31
31
31
31
31
31
31
31
31
49
49
49
49
49
49
49
49
49
49
49
49
49
49
49
49
49
49
49
49
49
49
49
49
49
49
49
49
49
49
49
49
49
49
49
63
49
49
49
49
49
25
25
25
25
25
25
25
25
25
25
25
25
25
25
25
25
49
49
49
49
49
49
49
49
49
49
49
49
49
49
49
49
49
49
49
49
49
49
49
49
49
49
49
49
49
49
49
49
49
49
49
49
49
49
49
49
49
49
49
49
49
49
49
49
49
49
49
49
49
49
49
49
49
49
49
49
49
49
49
49
49
49
49
49
49
49
49
75
49
49
49
49
49
49
49
49
49
49
49
49
49
49
49
49
49
49
49
49
49
49
49
49
49
49
49
49
49
49
49
49
49
25
49
49
49
49
49
49
49
49
49
49
49
49
49
49
49
49
49
49
49
49
49
49
49
49
49
49
49
49
49
49
49
49
49
49
49
25
34
34
34
34
34
73
34
41
41
41
41
41
41
41
41
41
41
41
41
41
41
41
41
41
41
26
41
41
41
41
41
41
41
41
25
25
25
25
25
25
25
25
25
25
25
25
25
25
25
25
25
25
25
25
25
25
25
25
25
25
25
25
25
25
25
25
25
25
25
25
25
25
25
25
25
25
25
25
25
25
25
25
25
25
25
25
25
25
25
25
25
25
25
25
25
25
25
25
25
25
25
25
25
25
25
25
25
25
25
25
25
25
25
25
25
25
25
25
25
25
25
25
25
25
25
25
25
25
25
25
25
25
25
25
25
25
25
25
25
25
25
25
25
25
25
25
25
25
25
25
25
25
25
25
25
25
25
25
25
25
25
25
25
25
25
25
25
25
25
25
25
25
25
25
25
25
25
25
25
25
25
25
25
25
25
25
25
25
25
25
25
25
25
25
25
25
25
25
25
25
25
25
25
25
25
25
25
25
25
25
25
25
25
25
25
25
25
25
25
25
25
25
25
25
25
25
25
25
25
25
25
25
25
25
25
25
25
25
25
25
25
25
25
25
25
25
25
25
25
25
25
25
25
25
25
25
25
25
25
25
25
25
25
25
25
25
25
25
25
25
25
25
25
25
25
25
25
25
25
25
25
25
25
25
25
25
25
25
25
25
25
25
25
25
25
25
25
25
25
25
25
25
25
25
25
25
25
25
25
25
25
25
25
25
25
25
25
25
25
25
25
25
25
25
25
25
25
25
25
25
25
25
25
25
25
25
25
41
41
41
41
41
41
41
41
41
41
41
41
41
41
41
9
9
9
9
9
9
9
9
9
9
9
9
9
9
9
9
9
9
9
9
9
9
63
38
26
26
38
38
26
26
26
11
11
93
11
49
49
63
63
63
63
63
63
63
63
63
63
30
11
4
4
4
4
4
4
4
4
4
4
4
4
4
4
4
4
4
84
84
84
84
83
83
83
83
83
83
83
83
13
13
6
5
5
5
5
5
5
5
5
5
5
5
5
5
5
5
5
5
5
33
5
5
5
5
5
5
5
5
5
5
5
5
5
5
5
5
5
84
5
13
6
6
6
4
84
84
84
84
84
84
84
30
30
75
75
4
4
4
5
13
13
83
84
84
84
5
4
13
13
13
84
84
84
13
13
13
13
13
13
13
13
83
83
13
13
6
6
6
84
84
84
84
13
13
13
4
6
30
30
30
30
30
30
30
30
30
30
5
34
34
34
34
34
34
34
34
34
34
73
34
34
34
34
34
34
34
6
33
33
33
33
33
33
33
33
24
24
24
24
24
24
24
24
24
24
24
24
24
24
24
24
24
33
33
33
33
33
33
33
33
33
33
33
33
33
33
33
33
33
75
79
33
30
30
30
30
30
30
77
6
6
6
6
6
6
6
6
6
6
6
6
6
6
4
81
81
81
30
30
30
30
30
30
30
30
71
71
71
71
71
71
71
71
71
30
30
30
30
30
30
30
30
30
30
30
30
30
30
30
5
5
6
6
6
6
6
6
6
6
6
6
6
6
6
6
6
6
6
6
6
6
6
6
6
6
6
6
6
6
6
6
6
6
6
6
6
6
6
6
6
6
6
6
6
6
6
6
6
6
6
6
6
6
6
6
83
83
4
4
24
63
66
66
66
66
66
66
66
66
66
66
63
63
63
49
49
49
49
49
49
49
49
66
66
66
66
66
66
66
66
66
66
66
66
66
66
66
66
66
66
66
66
66
66
66
66
66
66
66
66
66
66
66
66
66
66
66
66
66
66
66
66
66
66
66
66
66
66
66
null
