52
75
44
53
75
84
75
84
11
75
52
84
75
24
75
76
75
84
75
52
44
84
""
75
52
84
75
84
75
84
76
75
76
84
11
84
93
84
75
84
76
75
84
76
84
76
84
76
84
44
84
11
84
76
84
93
84
52
24
""
27
75
52
76
93
84
52
75
52
76
84
76
84
44
84
44
84
44
84
44
84
44
75
32
11
75
84
93
11
84
75
32
76
93
84
76
11
75
84
75
27
93
84
75
84
76
75
84
11
84
75
84
75
52
84
""
93
84
""
75
""
84
76
84
76
""
53
52
44
84
76
75
76
84
""
11
84
52
27
""
76
""
52
76
93
84
52
84
76
""
84
52
84
""
84
75
84
52
84
32
84
75
84
75
84
75
84
75
84
75
84
75
84
11
76
44
76
52
76
44
53
52
11
52
11
93
11
84
11
76
75
24
84
75
93
84
52
24
52
84
76
24
84
24
84
11
84
11
75
84
24
11
84
75
84
11
24
84
76
84
76
84
75
84
76
52
76
84
52
11
84
11
75
76
75
84
75
84
76
75
76
11
75
84
52
75
76
24
84
76
11
76
11
76
11
76
11
76
52
84
52
27
52
11
52
27
52
27
76
84
76
24
84
24
27
24
76
84
76
11
76
52
84
76
93
75
93
76
11
93
76
93
76
84
76
93
75
11
75
76
11
93
76
27
76
93
75
84
76
84
52
76
null
