78377
78325
81257
81258
81259
81497
78326
80873
3277
79387
478
78319
656
657
658
78378
79384
79385
78327
78321
78322
78323
78324
81131
83576
83577
84017
4053
4054
4056
4059
4062
4073
4075
4078
4079
4080
3474
4083
78360
81498
80980
80987
80986
80979
80975
80904
80905
80906
80907
80908
80909
80910
80953
80996
80983
81499
80989
78364
78367
78380
80870
80871
80872
80874
80875
80876
80877
80878
80879
80880
80881
80882
80883
80884
80885
79499
79500
79502
79503
80886
80887
80888
80889
80890
80891
80892
80893
80894
80895
80896
80897
80898
80899
80900
80901
80902
80903
80911
80912
80913
80914
80915
80916
80917
80918
80919
78409
79501
78381
78382
78383
78384
78385
78386
78387
78388
78389
78390
78391
78392
78393
78394
78395
78396
78397
78398
78399
78400
78401
78402
78403
78404
78405
78406
78407
78408
78410
78411
78412
80920
80923
80924
80925
80978
80988
80970
80974
80947
78425
4094
78414
78415
78416
78417
78418
78419
78420
78421
78424
78422
78423
78426
78413
80926
80927
80928
80999
80969
80934
4099
4100
4103
80958
80941
80961
80962
78446
78447
78448
78449
78450
78451
78452
78453
78454
101
100
42
554
499
559
555
588
540
529
486
510
537
556
538
514
78457
78455
78456
513
511
535
503
532
557
497
569
78458
78459
78460
78463
78461
78462
78464
78465
78466
78467
78468
78469
78470
78471
78472
78473
78474
78475
78476
78477
78478
565
504
492
491
490
78479
78480
78481
78482
78483
78484
78485
78486
78487
78488
78489
78490
78491
78492
78493
84020
80992
79632
488
487
561
553
80997
612
611
583
578
539
489
577
576
83423
84018
84019
80944
84021
80936
78361
78362
78363
78365
78366
78368
78369
78370
78497
84022
80948
78371
78373
78374
78375
78494
78495
78498
78499
78500
78501
78502
78503
78504
78496
78376
78379
84023
84024
80957
84025
80960
80971
80959
80966
80968
80965
78567
78568
78569
78570
78571
78572
78573
78574
80976
575
574
573
572
520
79687
79688
78577
79689
79690
79691
493
584
562
558
534
595
589
568
564
560
507
500
80981
78604
78605
78606
78607
78608
78609
78610
78612
78613
78614
79504
79505
79506
79507
79508
79509
79510
79511
79512
79513
79514
79515
79516
79517
79518
79519
79520
79521
79522
79523
79524
495
78575
78576
78578
78579
78580
78581
78582
78583
78584
78585
78586
78587
78588
78589
78590
78591
78592
78593
78594
78595
78596
78597
78598
78599
78600
78601
78602
78603
79525
79526
79527
79528
79529
79530
79531
79532
79533
79534
79535
79536
79537
79538
79539
79540
79541
79542
79543
79545
79546
79547
79548
79549
79550
79551
79552
79553
79554
79555
79556
79557
79558
79559
79560
79561
79562
79563
79564
79565
79566
79567
79568
79569
79570
79571
79572
79573
79574
79575
79576
79577
79578
79579
79580
79581
79582
79583
79584
79585
79586
79587
531
79588
79589
79590
79591
79592
79593
79594
79595
79596
79597
79598
79599
79600
79601
79602
79603
79604
79605
79606
79607
79608
79609
79610
79611
79612
79613
79614
79615
79616
79617
79618
79619
79620
79621
79622
79623
79624
79625
79626
79627
79628
79629
79630
79631
79633
79634
79635
79636
79637
79638
79639
79640
79641
79642
79643
79644
79645
79646
79647
79648
79649
79650
79651
79652
79653
79654
79655
79656
79657
79658
79659
79660
79661
79662
79663
79664
79665
79666
79667
79668
79669
79670
79671
79672
79673
79674
79675
79676
79677
79678
79679
79680
79681
79682
79683
79684
79685
79686
79692
79693
79694
79695
79696
79697
79698
79699
79700
79701
79702
79703
79704
79705
79706
79707
79708
79709
79710
79711
79712
93
76
71
70
56
82
81001
81011
112
571
609
596
594
585
81006
81012
533
509
496
98
58
111
53
110
106
105
104
103
102
99
97
96
95
92
91
90
89
88
87
84
83
81
80
79
78
77
75
74
73
72
69
68
67
66
81002
81004
81005
81007
81009
81010
81013
81014
81015
65
80933
64
63
62
57
55
54
50
49
48
47
46
45
81025
81026
81008
80935
84026
84027
84028
84029
84033
81017
44
109
108
107
61
60
59
563
498
530
527
501
78919
494
567
566
512
506
505
485
582
570
515
502
80540
80541
80542
80543
80544
80545
80546
613
634
636
637
654
655
80949
81122
81071
81072
84030
84031
81081
81121
80943
84032
81098
81099
81124
81082
80946
84034
84035
84036
84037
84038
84044
84046
80562
80566
80569
80572
80578
80584
80942
81021
81117
81083
81084
81085
81086
81087
81088
81089
81090
81091
81092
81093
81094
81095
81096
80642
80651
80658
80666
80932
81016
81018
81019
81020
81022
81024
81118
81119
518
81097
81100
81101
79152
80498
80499
80500
80501
80652
2749
81102
81103
81104
81105
81106
81023
81107
3615
3616
2379
2380
2381
2382
4858
80502
80503
80504
80505
80506
80507
80508
80509
80510
80511
80512
80513
80514
80515
80653
80931
80516
80517
80518
80519
80520
80521
2383
81108
81109
80937
1147
1148
1149
1150
1151
1152
1153
80522
1154
1155
1156
1157
1158
3627
1097
81110
81111
81112
81113
81114
81115
81116
84041
84048
2441
1098
1099
1100
1101
1102
1103
1104
1105
1106
3632
1107
1108
1109
1110
1111
1112
1113
1114
1115
1116
1117
1118
1119
1120
1121
1122
1123
1124
1125
1126
1127
1128
1129
1130
1131
1132
1133
1134
1135
1136
1137
1138
602
81130
80995
81248
1139
1140
1141
80523
668
669
664
670
671
80967
78320
84043
1142
1143
1144
1145
1146
80524
80525
80526
80527
665
666
521
81505
648
649
2422
81126
2434
80528
80529
80530
80531
80532
80533
80534
650
653
2435
2437
2436
2458
80535
80536
80537
80538
80539
79386
79388
79389
80559
80560
80561
80563
80564
80565
80567
80568
80570
80571
80573
80574
80575
80576
80577
80579
80580
80581
80582
80583
80585
80586
80587
80588
80639
80640
80641
80643
80644
80645
80646
80647
80648
80649
80650
80654
80655
80656
80657
80659
80660
80661
80662
81120
80985
84051
84061
84063
2431
2433
81152
482
480
479
484
477
481
483
2432
80668
80669
81073
81074
81075
81076
81077
81078
81079
81080
80982
81511
81513
81517
81160
517
81161
81162
81164
81165
81166
81163
81171
508
79378
79379
79380
79381
79382
84053
606
605
604
79383
84067
603
536
81174
81175
81181
81182
81183
81184
81176
81177
78615
78616
78617
78618
78619
78620
78621
78622
78623
78624
78625
78626
78627
78628
78629
78630
78631
78632
78633
78634
78635
78636
78637
78638
80984
81524
81502
81503
81504
81506
81507
78639
78640
81198
81199
81200
81201
81202
81203
81204
81205
81206
81207
81208
81209
81210
80998
81508
81509
81510
81512
81514
81515
81516
81518
81519
81520
81521
80950
94
84056
84069
81211
81212
81222
81215
81526
81217
81218
81219
81226
81227
80951
607
81538
78641
78642
78643
78644
78645
78646
78647
78648
78649
78650
78651
78652
78653
78654
78655
78656
78657
78658
78659
78660
78661
78662
78663
78664
78665
78666
78667
80952
78669
78670
78671
78672
78673
78674
78675
78676
78677
78678
78679
78680
78681
78682
78683
78684
78685
78686
78687
78688
78689
78690
78691
78692
78693
78694
78695
622
81244
626
627
628
522
523
610
623
624
625
629
630
631
632
633
635
80993
81243
80694
81242
81245
78696
78697
78698
78699
78700
78701
659
526
525
524
84039
84040
3160
3161
661
2459
2460
2461
2462
2463
2464
2465
2466
2467
2468
2469
2470
2471
2472
2473
2474
2475
2476
2477
2478
2479
2480
2481
2482
81132
80977
2483
2484
2485
2486
2487
2488
2489
2490
2491
2492
2493
2494
2495
2496
2497
2498
2499
2500
2501
2502
2503
2504
2505
2506
2507
2508
2509
2510
2511
2512
2513
2514
2515
2516
2517
2518
2519
2520
2521
2522
2523
2524
2525
2526
2527
2528
2529
2530
2531
2532
2533
2534
2535
2536
2537
2538
2539
2540
2541
2542
2543
2544
2545
2546
2547
2548
2549
2550
2551
2552
2553
2554
2555
2556
78702
2557
2558
2559
2560
2561
2562
2563
2564
2565
2566
2567
2568
2569
2570
2571
2572
2573
2574
2575
2576
2577
2578
2579
2580
2581
2582
2583
2584
2585
2586
2587
2588
2589
2590
2591
2592
2593
78703
78704
78705
78706
78707
78708
78709
78710
78711
78712
2594
2595
2596
2597
2598
2599
2600
2601
2602
2603
2604
2605
2606
2607
2608
2609
2610
2611
2612
2613
2614
2615
2616
2617
2618
2619
2620
2621
78713
78714
78715
78716
78717
78718
78719
78720
78721
78722
78723
78724
78725
78726
78727
78728
78729
78730
78731
78732
78733
78734
78735
78736
78737
78738
78739
78740
78741
78742
78743
78744
78745
78746
78747
78748
78749
78750
78751
78752
78753
78754
78755
78756
78757
78758
78759
78760
78761
78762
78763
78764
78765
78766
78767
78768
78769
78770
78771
78772
78773
78774
78775
78776
78777
78778
78779
78780
78781
2622
2623
78782
78783
78784
78785
2624
2625
2626
2627
2628
2629
2630
2631
2632
2633
2634
2635
2636
2637
2638
2639
2640
2641
2642
2643
2644
2645
2646
2647
2648
2649
2650
2651
2652
2653
2654
2655
2656
2657
2658
2981
2982
2983
2984
2985
2986
2987
2988
2989
2990
2991
2992
2993
2994
2995
2996
2997
2998
2999
3000
3001
3002
3003
3004
3005
3006
3007
3008
3009
3010
3011
3012
3013
3014
3015
81000
3016
3017
3018
3019
3020
2659
2660
2661
2662
2663
2664
2665
2666
2667
2668
2669
2670
2671
2672
2673
2674
3021
3022
3023
3024
3025
3026
3027
3028
3029
3030
3031
3032
3033
3034
3035
3036
3037
3038
3039
3040
3041
3042
3043
3044
3045
3046
3047
3048
3049
3050
3051
3052
3053
3054
3055
3056
3057
3058
3059
3060
3061
3062
3063
3064
3065
3066
3067
3068
3069
3070
3071
3072
3073
3074
3075
3076
3077
3078
3079
3080
3081
3082
3083
3084
3085
3086
3087
3088
3089
3090
3091
78786
3092
3093
3094
3095
3096
3097
3098
3099
3100
3101
3102
3103
3104
3105
3106
3107
3108
3109
3110
3111
3112
3113
3114
3115
3116
3117
3118
3119
3120
3121
3122
3123
3124
2755
3125
3126
3127
3128
3129
3130
3131
3132
3133
3134
3135
3136
3137
3138
3139
3140
3141
3142
3143
3144
3145
3146
3147
3148
3149
3150
3151
3152
3153
3154
3155
3156
3157
3158
3159
2830
3163
3164
3165
3166
3167
3168
3162
81133
81135
81136
81137
81138
81139
81140
81141
81142
81143
81144
81145
81146
81147
81148
81149
81150
81151
84042
81154
81156
81157
81158
81167
81168
81169
81170
2675
2676
2677
2678
2679
2680
2681
2682
2683
2684
2685
2686
2687
2688
2689
2690
2691
2692
2693
2694
2695
2696
2697
2698
2699
2700
2701
2702
2703
2704
2705
2706
2707
2708
2709
2710
2711
2712
2713
2714
2715
2716
2717
2718
2719
2720
2721
2722
2723
2724
2725
2726
2727
2728
2729
2730
2731
2732
2733
2734
2735
2736
2737
2738
2739
2740
2741
2742
2743
2744
2745
2746
2747
2748
2750
2751
2752
2753
2754
2756
2757
2758
2759
2760
2761
2762
2763
2764
2765
2766
2767
2768
2769
2770
2771
2772
2773
2774
2775
2776
2777
2778
2779
2780
2781
2782
2783
2784
2785
2786
2787
2788
2789
2790
2791
2792
2793
2794
2795
2796
2797
2798
2799
2800
2801
2802
2803
2804
2805
2806
2807
2808
2809
2810
2811
2812
2813
2814
2815
2816
2817
2818
2819
2820
2821
2822
2823
2824
2825
2826
2827
2828
2829
2831
2832
2833
2834
2835
2836
2837
2838
2839
2840
2841
2842
2843
2844
2845
2846
2847
2848
2849
2850
2851
2852
2853
2854
2855
2856
2857
2858
2859
2860
2861
2862
2863
2864
2865
2866
2867
2868
2869
2870
2871
2872
2873
2874
2875
2876
2877
2878
2879
2880
2881
2882
2883
2884
2885
2886
2887
2888
2889
2890
2891
2892
2893
2894
2895
2896
2897
2898
2899
2900
2901
2902
2903
2904
2905
2906
2907
2908
2909
2910
2911
2912
2913
2914
2915
2916
2917
2918
2919
2920
2921
2922
2923
2924
2925
2926
2927
2928
2929
2930
2931
2932
2933
2934
2935
2936
2937
2938
2939
2940
2941
2942
2943
2944
2945
2946
2947
2948
2949
2950
2951
2952
2953
2954
2955
2956
2957
2958
2959
2960
2961
2962
2963
2964
2965
2966
2967
2968
2969
2970
2971
2972
2973
2974
2975
2976
2977
2978
2979
2980
81172
81173
81185
81186
81187
81188
81189
81190
81191
81192
81193
81194
81195
81196
81197
81213
81214
81216
81220
81221
81223
81224
81225
81230
81231
81232
81233
81234
81235
81236
81237
81238
81239
81240
81241
81246
81247
80964
84045
84047
84049
84050
84052
84054
84055
84057
84058
84059
84060
84062
81558
81560
81249
81250
81252
81253
81254
81129
81127
80963
84064
84065
84066
84068
5424
5425
5426
5427
5428
5429
5430
5431
5432
5433
5434
5435
5436
5437
5438
5439
5440
5441
5442
5443
5444
5445
5446
5447
5448
5449
5450
5451
5452
5453
5454
5455
5456
5457
5458
5459
5460
5461
5462
5463
5464
5465
5467
5468
5469
5470
5471
5472
5473
5474
5475
5476
5477
5478
5479
5480
5481
5482
5483
5484
5485
5486
5487
5488
5489
5490
5492
5493
4838
5494
5495
5497
5498
4857
4859
4860
4861
4862
4863
4864
4865
4866
4512
4513
4510
4511
4823
4824
4825
4826
4827
4828
4829
4830
4831
4832
4833
4834
4835
4836
4837
4839
4840
4841
4842
4843
4844
4845
4846
4847
4848
4849
4850
4851
4852
4853
4854
4855
4856
4867
4868
4869
4870
4871
4872
4873
4874
5499
4700
4701
4702
4703
4704
4705
4706
4707
4708
4709
5466
4324
4325
4326
4327
4328
4329
4330
4331
4332
4333
4323
4334
4335
4336
4337
4338
4339
4340
5500
4945
4946
4947
4949
4950
4952
4953
4954
4920
4921
4922
4923
4924
4925
4926
4927
4928
4929
4930
4931
4932
4933
4934
4935
4936
4937
4938
4939
4940
4941
4942
4943
4944
4955
4956
4957
4958
4959
4960
4961
4962
4963
78787
4421
4964
4694
4695
4696
4697
4698
4699
4965
5555
5556
5557
5558
5559
5560
5561
5562
5563
5564
5565
5566
5567
5568
4343
4514
4515
4516
4560
4561
4562
4692
4693
4710
4711
4712
4744
4745
4746
4747
4748
4749
4750
4751
4752
4753
4754
4755
4756
4757
4758
4759
4760
4761
4762
4763
4764
4765
4766
4767
9136
9137
5501
5502
5503
5504
5505
5506
5507
5508
5509
5510
5511
5512
5513
5514
5515
5516
5517
5518
5519
5520
5521
5522
5523
5524
5525
5526
5527
5528
5529
5530
5531
5532
5533
5534
5535
5536
5537
5538
5539
5540
5541
5542
5543
5544
5545
5546
5547
5548
5549
5550
5551
5552
5553
5554
5569
5570
78156
78157
78158
80990
78275
78308
78309
78310
78311
78312
78313
78314
78315
78316
81251
81255
80991
81525
81527
81528
81529
81530
81531
81532
81533
78255
78256
78257
78258
78259
78260
78261
78262
78263
78264
78265
78266
78267
78268
78269
78270
78271
78272
78273
78274
78276
78277
78278
78279
78280
78281
78282
78283
78284
78285
78286
78287
78288
78289
78290
78291
78292
78293
78294
78295
78296
78297
78298
78299
78300
78301
78302
null
